$ANSIBLE_VAULT;1.1;AES256
39383962383065376137626362636333343534303465386561303161323330663635383632646161
3161623034396337386463653466323438303539666530640a386164316330303564356533333662
32393839393138326133373935663631633463646665623463316437663234643766393537356335
3236646666373737370a373135643063666139636430376430633737386531346631396462613137
64363865393637386263303336316531303233303733366337663834653237373262633630303133
62356363646534633361376363626433366131343433353437383237643538333566396662333465
36353438303666343364356362356366353761353938313064373461613665656239353731383538
36316266303265653065363731623630326663616563623232306161623261646464356436366335
61303132383362616335313162336366313963613863656331656664326464383461666665653662
63383132373832363065373062643565303439396138336237343036643961343362646437643536
32306437353233643839643231373830626335316435353464663631393761306565613433633333
35656633663163356266313830383264393535643232326430323461623561623239303863336661
34306332396433313632626136383034396130623365353632303339323231623630346639373861
31643563663961643332366163313734643232646165326235333133643037326161633435326337
33656534613763623030643032356532396663313139333635646637656133626134373864376439
63333230396663643830663631353336393431396235356564656631366436353364663539363833
38646263643930613036626636316235333162613065613566626336386562303235633631333565
31316664613030643637656139396630303936326537653864306263663431306433373663316132
66363861313036633537383066323438373434336139353762383364356162393437623331376231
33656665383665363263353436343837616536393735376332313863343330666132373765333537
30353233343239613038333330356166393038623133656232616466353731303132326534333062
30316239613535333233386635333537383766616239623334626330313635663465633534656336
65333335316464363563663866376439343432383237376338363632383737336262633330343137
37346333323532313866
